15250.382603714414
11437.786952785811
9150.229562228647
11722.333125208388
19136.521858541983
9986.292296313333
9986.292296313333
9986.292296313333
7414.188733333596
0.0
0.0
0.0
0.0
0.0
0.0
0.0
1163.8698716399979
1163.8698716399979
1163.8698716399979
1163.8698716399979
1163.8698716399979
0.0
183.73329820571374
183.73329820571374
183.73329820571374
183.73329820571374
183.73329820571374
0.0
0.0
0.0
0.0
0.0
0.0
0.0
0.0
0.0
0.0
0.0
0.0
0.0
0.0
0.0
0.0
0.0
0.0
0.0
0.0
0.0
0.0
0.0
0.0
0.0
0.0
0.0
0.0
0.0
0.0
0.0
0.0
0.0
0.0
0.0
0.0
0.0
9257.399566878985
6943.049675159237
5554.43974012739
6629.868038978347
30616.36303038353
25061.92329025614
25061.92329025614
25061.92329025614
23986.494991405176
0.0
0.0
0.0
0.0
0.0
0.0
0.0
1163.8698716399979
1163.8698716399979
1163.8698716399979
1163.8698716399979
1841.87011933678
678.0002476967819
861.7335459024954
861.7335459024954
861.7335459024954
183.73329820571374
183.73329820571374
0.0
0.0
0.0
0.0
0.0
0.0
0.0
0.0
0.0
0.0
0.0
0.0
0.0
0.0
0.0
0.0
0.0
0.0
0.0
0.0
0.0
0.0
0.0
0.0
0.0
0.0
0.0
0.0
0.0
0.0
0.0
0.0
0.0
0.0
0.0
0.0
0.0
9257.399566878985
6943.049675159237
5554.43974012739
5554.43974012739
41696.88066977591
36142.44092964852
36142.44092964852
36142.44092964852
40918.16664650005
4775.725716851534
4775.725716851534
4775.725716851534
4775.725716851534
0.0
0.0
0.0
1163.8698716399979
1163.8698716399979
1163.8698716399979
1993.86459987632
2671.864847573102
1507.9949759331032
1691.7282741388171
1691.7282741388171
861.7335459024954
183.73329820571374
183.73329820571374
0.0
0.0
0.0
0.0
0.0
0.0
0.0
0.0
0.0
0.0
0.0
0.0
0.0
0.0
0.0
0.0
0.0
0.0
0.0
0.0
0.0
0.0
0.0
0.0
0.0
0.0
0.0
0.0
0.0
0.0
0.0
0.0
0.0
0.0
0.0
0.0
0.0
0.0
0.0
0.0
10107.279041358897
46249.71997100743
46249.71997100743
46249.71997100743
46249.71997100743
43540.06277469854
7397.621845050022
7397.621845050022
7397.621845050022
7397.621845050022
0.0
0.0
0.0
1033.3536871427548
2341.965483100537
2341.965483100537
3171.960211336859
3849.960459033641
2816.6067718908853
2025.826005919304
2025.826005919304
1195.8312776829825
517.8310299862009
517.8310299862009
0.0
0.0
0.0
0.0
0.0
0.0
0.0
0.0
0.0
0.0
0.0
0.0
0.0
0.0
0.0
0.0
0.0
0.0
0.0
0.0
0.0
0.0
0.0
0.0
0.0
0.0
0.0
0.0
0.0
0.0
0.0
0.0
0.0
0.0
0.0
0.0
0.0
0.0
0.0
0.0
18473.991433808973
47512.095301584566
47512.095301584566
47512.095301584566
47512.095301584566
36435.72571282561
7397.621845050022
7397.621845050022
7397.621845050022
7397.621845050022
0.0
0.0
0.0
1892.9985366119452
3201.610332569727
3201.610332569727
4031.6050608060496
5245.561055715568
3352.5625191036233
2378.048454926328
2378.048454926328
1548.0537266900064
334.0977317804872
334.0977317804872
0.0
0.0
0.0
0.0
0.0
0.0
56.92305205646097
56.92305205646097
56.92305205646097
56.92305205646097
56.92305205646097
0.0
0.0
0.0
0.0
0.0
0.0
0.0
0.0
0.0
0.0
0.0
0.0
0.0
0.0
0.0
0.0
0.0
0.0
0.0
0.0
0.0
0.0
0.0
0.0
0.0
0.0
0.0
0.0
12850.109911611626
36958.38428004982
49424.1818897538
49424.1818897538
49424.1818897538
36574.07197814219
19863.419454754014
7397.621845050022
7397.621845050022
7397.621845050022
7397.621845050022
0.0
0.0
2079.6245452354456
3972.6230818473914
5281.234877805174
5281.234877805174
6111.229606041495
4567.560808018788
2674.5622714068413
1700.0482072295467
1700.0482072295467
870.0534789932246
334.0977317804872
334.0977317804872
0.0
0.0
0.0
0.0
0.0
0.0
56.92305205646097
56.92305205646097
56.92305205646097
56.92305205646097
56.92305205646097
0.0
0.0
0.0
0.0
0.0
0.0
0.0
0.0
0.0
0.0
0.0
0.0
0.0
0.0
0.0
0.0
0.0
0.0
0.0
0.0
0.0
0.0
0.0
0.0
0.0
0.0
0.0
0.0
29001.97921447311
53110.25358291132
53110.25358291132
53110.25358291132
53110.25358291132
24108.274368438193
2621.896128198488
2621.896128198488
2621.896128198488
2621.896128198488
2621.896128198488
0.0
0.0
2079.6245452354456
3972.6230818473914
5281.234877805174
5281.234877805174
5281.234877805174
3737.5660797824644
1844.56754317052
1075.0924845011466
1075.0924845011466
1075.0924845011466
539.1367372884088
539.1367372884088
0.0
0.0
0.0
0.0
0.0
0.0
56.92305205646097
56.92305205646097
56.92305205646097
56.92305205646097
56.92305205646097
0.0
0.0
0.0
0.0
0.0
0.0
0.0
0.0
0.0
0.0
0.0
0.0
0.0
0.0
0.0
0.0
0.0
0.0
0.0
0.0
0.0
0.0
0.0
0.0
0.0
0.0
0.0
0.0
44219.7532771777
62031.66450444609
62031.66450444609
62031.66450444609
62031.66450444609
18252.526153128798
440.6149258604031
440.6149258604031
440.6149258604031
440.6149258604031
0.0
0.0
0.0
2079.6245452354456
3972.6230818473914
3972.6230818473914
3972.6230818473914
3972.6230818473914
2428.954283824682
535.9557472127377
740.9947527206594
740.9947527206594
740.9947527206594
205.03900550792167
205.03900550792167
0.0
0.0
0.0
0.0
0.0
0.0
56.92305205646097
56.92305205646097
56.92305205646097
56.92305205646097
56.92305205646097
0.0
0.0
0.0
0.0
0.0
0.0
0.0
0.0
0.0
0.0
0.0
0.0
0.0
0.0
0.0
0.0
0.0
0.0
0.0
0.0
0.0
0.0
0.0
0.0
0.0
0.0
8946.00385672838
6709.502892546285
49587.35559121473
60585.58370271447
60585.58370271447
55217.98138867744
55217.98138867744
11438.843037360146
440.6149258604031
440.6149258604031
440.6149258604031
440.6149258604031
0.0
0.0
0.0
2079.6245452354456
2079.6245452354456
2079.6245452354456
2079.6245452354456
2079.6245452354456
0.0
0.0
205.03900550792167
205.03900550792167
205.03900550792167
205.03900550792167
205.03900550792167
0.0
0.0
0.0
0.0
0.0
0.0
0.0
0.0
0.0
0.0
0.0
0.0
0.0
0.0
0.0
0.0
0.0
0.0
0.0
0.0
0.0
0.0
0.0
0.0
0.0
0.0
0.0
0.0
0.0
0.0
0.0
0.0
0.0
0.0
0.0
0.0
0.0
8946.00385672838
6709.502892546285
39617.43398323579
44981.379160106306
44981.379160106306
39613.77684606929
39613.77684606929
5804.56010273093
440.6149258604031
440.6149258604031
440.6149258604031
440.6149258604031
0.0
0.0
0.0
0.0
0.0
0.0
0.0
0.0
0.0
0.0
205.03900550792167
205.03900550792167
205.03900550792167
205.03900550792167
205.03900550792167
0.0
0.0
0.0
0.0
0.0
0.0
0.0
0.0
0.0
0.0
0.0
0.0
0.0
0.0
0.0
0.0
0.0
0.0
0.0
0.0
0.0
0.0
0.0
0.0
0.0
0.0
0.0
0.0
0.0
0.0
0.0
0.0
0.0
0.0
0.0
0.0
0.0
13767.80494351708
10325.853707637807
26358.645332447515
31722.590509318044
31722.590509318044
23461.907543207803
23461.907543207803
5804.56010273093
440.6149258604031
440.6149258604031
440.6149258604031
440.6149258604031
0.0
0.0
0.0
0.0
0.0
0.0
0.0
0.0
0.0
0.0
0.0
0.0
0.0
0.0
0.0
0.0
0.0
0.0
0.0
0.0
0.0
0.0
0.0
0.0
0.0
0.0
0.0
0.0
0.0
0.0
0.0
0.0
0.0
0.0
0.0
0.0
0.0
0.0
0.0
0.0
0.0
0.0
0.0
0.0
0.0
0.0
0.0
0.0
0.0
0.0
0.0
0.0
20709.626619478087
15532.219964608565
15305.964275319537
16858.99355200096
16858.99355200096
4433.21758031411
4433.21758031411
1553.0292766814246
0.0
0.0
0.0
0.0
0.0
0.0
0.0
88.27987572078754
88.27987572078754
88.27987572078754
88.27987572078754
88.27987572078754
0.0
0.0
0.0
0.0
0.0
0.0
0.0
0.0
0.0
0.0
0.0
0.0
0.0
0.0
0.0
0.0
0.0
0.0
0.0
0.0
0.0
0.0
0.0
0.0
0.0
0.0
0.0
0.0
0.0
0.0
0.0
0.0
0.0
0.0
0.0
0.0
0.0
0.0
0.0
0.0
0.0
0.0
0.0
0.0
11763.622762749703
8822.71707206228
9938.361961282508
9938.361961282508
12906.612003932347
5848.438346282527
5848.438346282527
2968.2500426498414
2968.2500426498414
0.0
0.0
0.0
0.0
0.0
0.0
88.27987572078754
675.299780161272
675.299780161272
675.299780161272
675.299780161272
587.0199044404844
115.85792188678343
115.85792188678343
115.85792188678343
115.85792188678343
115.85792188678343
0.0
0.0
0.0
0.0
0.0
0.0
0.0
0.0
0.0
0.0
0.0
0.0
0.0
0.0
0.0
0.0
0.0
0.0
0.0
0.0
0.0
0.0
0.0
0.0
0.0
0.0
0.0
0.0
0.0
0.0
0.0
0.0
0.0
0.0
0.0
0.0
0.0
0.0
